0
0.00248511440391281
0.05655369802958689
0.11403240785597482
0.16482082546247342
0.20130346348294162
0.22718610939395512
0.25539848677036403
0.28089534880912936
0.3031596977297102
0.3233631232937031
0.3468961601386155
0.3978753018393581
0.5176862208198302
0.6489863846538926
0.7264225232783386
0.781048474229917
0.8560372184362423
1.0136479847240787
1.1576137984341892
1.2512460486427697
1.3470366642735199
1.4776522929822302
1.627290467700368
1.7386431757584377
1.841292100855536
1.9691600670059135
2.110984358184997
2.2311917700049837
2.3461791750376064
2.477337743533375
2.615831140178215
2.740636819024609
2.8648872466073185
2.9982618272181383
3.134185101039741
3.2624516775360655
3.3907260117791163
3.5256207270576736
3.6593058545313943
3.7892132885815712
3.921044046571176
4.055197672389756
4.187518644216431
4.3178306387625245
4.450510513644143
4.5842716380104545
4.717598344068013
4.850554205582186
4.983851472361047
5.117262320567256
5.2499829674609915
5.3824752427578355
5.515041482885798
5.64746814446437
5.780273543462541
5.913491131275074
6.04678809409
6.180046475232491
6.31346648978881
6.447225963437955
6.580875280290826
6.714404053809881
6.848084262202814
6.981959417848328
7.1158985230740175
7.249937792326135
7.384174100813921
7.518602036814622
7.6531169147871685
7.787717738554547
7.92241290411578
8.057185788829084
8.191975356056979
8.32673571272071
8.461516951753353
8.596346632101572
8.731185693119004
8.86599613122601
9.000810739617918
9.135631041424663
9.270429634094395
9.405216857701893
9.540011077286849
9.674801750088383
9.809584055320679
9.944365045716776
10.079113630053232
10.213801872032494
10.348421110274082
10.48299115916974
10.617536089001275
10.752084998735402
10.886662397465823
11.021289541911594
11.155934641752857
11.290577061251566
11.425216850942153
11.55985756662357
11.694504477963957
11.829162204911693
11.96383421888807
12.09851896814919
12.23320999647144
12.367889484429103
12.502547156871909
12.637183934383303
12.77180182970935
12.906406837513137
13.041005043613831
13.175598604508028
13.310188081340083
13.44477463243697
13.579361837715899
13.713951795223926
13.848546942602407
13.983152170856561
14.117771124745609
14.252408504229216
14.387070571987827
14.521188966086829
14.654967011740483
14.788806838233539
14.922715694936533
15.056698456873391
15.190761867686547
15.324906944358814
15.459129551114456
15.593423703858935
15.72778326614183
15.862202358411253
15.996674455162816
