0.0017267373397969953
0.018861851790129676
0.03595875378947301
0.054024870991887304
0.07241687989933954
0.0909639990152325
0.10948103408219066
0.12736218252045906
0.14536456274203782
0.16347602982739562
0.1815774051198124
0.19961081375484802
0.21777317536561708
0.23597540517531254
0.2540979949507428
0.272174145177616
0.2903363458322821
0.3086315071904256
0.32692251741478057
0.3462423247955642
0.36633044833798
0.3859016969905606
0.40517046593147277
0.4244077830446172
0.44401627878120437
0.4641147555780574
0.48427056037076105
0.5045137873969929
0.5248245308801718
0.5450485323620746
0.5649511483500083
0.5846155096452041
0.6040869478440559
0.6234181188407237
0.6426406067864496
0.6615569459236529
0.6801194011766509
0.6984623818327333
0.7167816990750786
0.7351209870548912
0.753401137717899
0.7716739508562555
0.7899860953884115
0.8083239230593658
0.8266733196696275
0.8454657254450346
0.8663003805321156
0.8866837097595843
0.9068424078531325
0.9268901275693398
0.9469649093335745
0.967001618259988
0.9870986471693675
1.0011324998335225
