0.00019316399554691421
0.0003911262341673766
0.0005981719906693084
0.0008173345681442339
0.0010522276355407463
0.0013126795622038566
0.0015918948070523377
0.0018951003516007167
0.002219003775044545
0.0025653885570630693
0.0029246849666129697
0.003315032441695836
0.003715116120410511
0.0041403385311098734
0.004597427874412202
0.005075845867397401
0.0055194753241230915
0.005976370219815018
0.006448641388119003
0.0069387545181286365
0.0074496062607886954
0.007984581619472464
0.008547616050315322
0.009143815609902257
0.009785312680160294
0.010414921624532258
0.011038469145839572
0.011661681156891958
0.012289884887245955
0.012928116264702775
0.01358116466406324
0.014253641435221088
0.014950100680666899
0.01563511828097318
0.016343923340871692
0.017082308101054638
0.017856539342002303
0.01867364370441177
0.019541513483945814
0.020469631885814465
0.021433044309018823
0.02242333373566215
0.023449933857293305
0.024478602138732063
0.02551239912612146
0.026558454970047777
0.02760869234870238
0.028660550551509918
0.029666807623480975
0.030682015806174585
0.03171481383751696
0.03277450265767891
0.033871536193576045
0.03501817099893695
0.036229263823097546
0.037478455839440115
0.03877657352375444
0.04007894517144003
0.04137968793301032
0.04268695173927736
0.04400923171365277
0.045356237998663625
0.046714454706748135
0.048076373614122606
0.049452438808829796
0.05085207082963099
0.052284095977756975
0.053738731730095066
0.055214975997425836
0.05672432239952438
0.05828035612760329
0.059899201040815024
0.06148937967614097
0.06307913888857497
0.06467798260591408
0.06629605656206966
0.0679451760483283
0.06963927671973258
0.07137972312223592
0.07312790677112015
0.07487074307785611
0.07661825260769393
0.07837227474304018
0.08014266958095
0.08194251972729838
0.083785692088267
0.08568761439521216
0.08750082003571645
0.08928431943482774
0.09104102572938369
0.09254318094810074
0.09389265087649075
0.09520734518845038
0.09648784401800915
0.09769010099298682
0.0988909582564412
0.0999805599353018
0.10107393176062843
0.10107393176062843
