0.00016831974778161793
0.0017063618490828515
0.003155052660209267
0.004530754393424413
0.005858579525269997
0.007134650435256954
0.00844331550812102
0.009846854630794563
0.011256409130686857
0.012731782105201114
0.014178989220710626
0.015523209916599424
0.016791107326297947
0.018068475129954333
0.019452143441899192
0.020944698923930204
0.02247721457062104
0.024156207072123553
0.02574590137423308
0.02727202755930708
0.02886475740970507
0.03051866567265001
0.032279859471516785
0.03399742600917577
0.03572627052522521
0.037562326700573606
0.03944437368075911
0.041274326307890505
0.04312459813777164
0.04514635455512451
0.04712558119523836
0.0491271574088902
0.051299288169380924
0.05345154745549212
0.05558937207319497
0.057576450503438875
0.059453534929868504
0.061452951151273486
0.06356994572515844
0.06571572833577168
0.06775749001496784
0.06991341443515905
0.0721476256827871
0.07450674180925261
0.07692338180981073
0.07936442349645616
0.08205984722709118
0.08526627077714616
0.08850904038077478
0.09176693243717991
0.09473628027451923
0.09765933113282116
0.10066886919919667
0.10396270917582753
0.10713339345934814
0.110398030343435
0.11364016043804916
0.11682122398337227
0.12007099965628386
0.12333929212684214
0.12704141666044452
0.13084269462234593
0.13466199850473515
0.1385489236250542
0.1427898429762612
0.14709138673715322
0.15151793533420257
0.15625731038920693
0.1611764002822479
0.16610888629001147
0.17143803965059293
0.1773317008748526
0.18366418968486473
0.19040083833231358
0.19719140417328662
0.20392754100221053
0.21089643532674895
0.2184266844164095
0.22605003133017088
0.23404257447438576
0.2422165058309396
0.25044277110918417
0.2587037872850272
0.2672748075903336
0.27618389154214457
0.2849836395659556
0.29391628406803727
0.3028042425199571
0.31173138941315703
0.3210886107756289
0.33103046062576535
0.3413966083373121
0.3522200197966463
0.36407658976541707
0.37636366665712717
0.3887958543953945
0.400876710372886
0.41213383337909504
0.42311847916465134
0.4339695854691541
0.44522571216852536
0.4567255773032428
0.4685651915521135
0.48048411275483305
0.49216487073441656
0.5037569847750084
0.5154113313628911
0.5270694514319166
0.5393133686433691
0.5522587407327579
0.5651162155360104
0.5785921221838063
0.5931322919826906
0.6080506385867401
0.6237133451706816
0.639385233731105
0.6556008652971509
0.6721088334913605
0.6886903673150878
0.7049359827080114
0.7216678944479712
0.7388231611695083
0.7563355663945327
0.7743843969766797
0.7934087446118482
0.8130376054016952
0.8341055848977125
0.8561984299012905
0.8789648769719633
0.901823006743762
0.9245112926029373
0.9470874889850773
0.9688177220222591
0.9905437964045418
1.0014818670843384
